1 1 1
2 2 1
3 3 1
4 4 1
5 5 1
6 6 1
7 7 1
8 3 1
9 5 1
10 5 1
11 3 1
12 3 1
13 6 1
14 6 2
15 3 1
16 2 1
17 3 1
18 4 1
19 5 1
20 2 1
20 5 1
20 1 1
20 3 1
21 1 1
22 1 2
23 1 1
24 1 1
25 5 1
26 3 1
27 1 1
28 3 1
29 5 1
30 7 1
31 5 1
32 4 1
33 3 1
34 4 1
35 5 1
36 3 2
37 4 1
38 3 1
39 6 1
40 4 1
41 5 1
42 2 1
42 1 1
43 2 1
44 2 2
45 4 1
46 5 1
47 5 1
48 3 1
49 4 1
50 5 1
51 5 1
52 3 1
53 1 1
54 4 1
55 6 1
56 1 1
57 4 3
58 3 1
59 2 1
60 5 1
61 1 1
62 1 1
63 6 1
64 5 1
65 3 1
66 1 1
67 3 1
68 1 1
69 3 1
70 1 1
71 5 1
72 5 1
73 1 1
74 4 1
75 4 1
76 4 1
77 4 1
78 3 1
79 1 1
80 4 1
81 4 1
82 3 1
83 5 1
84 3 1
85 3 1
86 6 1
87 3 1
88 6 1
88 1 2
89 1 1
90 1 1
91 1 1
92 5 1
93 4 1
94 3 1
95 5 1
96 3 1
97 5 1
98 5 1
99 5 1
100 6 1
101 3 1
102 3 1
103 3 1
104 3 1
105 2 1
106 3 1
107 5 1
108 1 1
109 1 1
110 3 1
111 4 1
112 4 1
113 2 1
114 5 1
115 1 1
116 3 1
117 1 1
118 3 1
119 5 1
120 4 1
121 3 1
122 5 1
123 4 1
124 2 1
125 6 1
126 4 1
127 1 1
128 3 1
129 4 1
130 2 1
131 5 1
132 4 1
133 3 1
134 1 1
135 3 1
136 6 1
137 2 1
138 4 1
139 2 1
140 1 1
141 5 1
142 4 1
143 5 1
144 5 1
145 3 1
146 5 1
147 3 1
148 5 1
149 5 1
150 2 1
151 3 1
152 5 1
153 5 1
154 3 1
155 3 1
156 2 1
157 3 1
158 4 1
159 4 1
160 4 1
161 1 1
162 5 1
