1 1 1
2 2 1
3 3 1
4 4 1
5 5 1
6 6 1
7 7 1
8 3 1
9 2 1
10 5 1
11 3 1
12 5 1
13 7 2
14 5 1
15 3 1
16 5 1
17 4 1
18 4 1
19 4 1
20 4 1
21 4 1
22 5 3
23 4 3
24 5 1
25 5 1
26 7 2
27 4 3
28 5 1
29 4 1
30 4 1
31 4 1
32 5 1
33 7 1
34 5 1
35 5 1
36 4 1
37 3 1
38 7 1
39 7 1
40 3 1
41 5 1
42 3 1
43 3 1
44 4 1
45 4 1
46 4 1
47 4 1
48 4 1
49 4 1
50 5 1
51 4 1
52 4 1
53 5 1
54 5 1
55 5 1
56 7 1
57 4 1
58 5 1
59 4 1
60 4 2
61 4 1
62 5 1
63 5 1
64 5 1
65 4 1
66 4 1
67 1 1
68 3 1
69 4 1
70 4 3
71 5 1
72 4 2
73 7 1
74 3 1
75 4 1
76 4 2
77 5 2
78 4 1
79 5 1
80 4 1
81 5 1
82 5 1
83 6 1
84 4 1
85 4 1
86 5 1
87 3 1
87 5 1
88 5 1
89 1 1
90 5 1
91 5 1
92 4 1
93 3 1
94 5 1
95 5 1
96 3 1
97 5 1
98 3 1
99 5 1
100 3 1
101 5 1
102 3 2
102 7 1
103 1 1
104 5 1
105 4 2
106 5 1
107 7 1
108 2 1
109 3 2
109 7 2
110 7 1
111 4 1
112 7 1
113 5 1
114 3 1
115 3 1
116 7 1
117 3 1
118 3 1
119 4 1
120 3 2
121 5 1
122 5 1
123 5 1
124 5 1
125 3 1
126 3 1
127 4 1
128 5 1
129 4 1
130 1 1
131 4 1
132 4 1
133 7 1
134 7 2
135 7 1
136 2 1
137 2 1
138 3 3
139 6 1
140 6 1
141 1 3
141 5 14
142 4 1
143 5 1
144 4 1
145 4 1
146 3 1
147 4 1
148 4 1
149 4 1
150 3 1
151 5 1
152 5 1
153 7 1
154 3 1
155 3 1
156 7 1
157 4 1
158 5 1
159 3 2
160 7 1
161 3 1
162 3 1
163 4 1
164 3 1
165 5 1
166 7 1
167 3 1
167 7 1
168 3 2
168 7 1
169 7 1
170 3 1
170 7 1
171 7 1
172 3 1
173 5 1
