1 1 1
2 2 1
3 3 1
4 4 1
5 5 1
6 6 1
7 7 1
8 5 1
9 5 1
10 4 1
11 7 1
12 4 1
13 4 1
14 3 1
15 7 1
16 4 1
17 4 1
18 4 1
19 5 1
20 4 1
21 4 1
22 5 1
23 5 1
24 5 1
25 4 1
26 3 1
27 4 1
28 5 1
29 5 1
30 1 1
31 7 1
32 7 1
33 7 1
34 4 2
35 4 1
36 1 1
37 7 1
38 1 1
39 3 1
40 5 1
41 4 2
42 4 1
43 3 1
44 5 1
45 4 1
46 5 2
46 7 2
47 1 1
48 1 1
48 5 2
49 7 1
50 3 2
51 7 1
52 1 1
53 5 1
54 3 2
55 7 1
56 5 1
57 1 1
58 5 1
59 7 1
60 5 1
61 7 1
62 4 1
63 4 1
64 4 1
65 1 1
66 4 1
67 4 1
68 5 1
69 7 1
70 5 1
71 1 2
71 4 5
71 5 6
72 4 1
73 5 1
74 5 1
75 1 1
76 1 1
77 3 1
78 5 1
79 3 1
80 5 1
81 7 1
82 3 2
83 7 2
84 3 1
85 5 1
86 1 1
