1 1 1
2 2 1
3 3 1
4 4 1
5 5 1
6 6 1
7 7 1
8 5 1
9 5 1
10 5 1
11 1 1
12 6 1
13 7 1
14 3 1
15 3 1
15 6 1
15 7 2
16 7 1
17 6 2
18 3 1
19 2 1
20 1 1
21 6 1
22 3 1
23 3 1
24 5 1
25 1 1
26 1 1
27 3 2
28 3 1
29 2 1
30 1 1
31 3 1
32 3 1
33 7 1
34 2 1
35 4 1
36 4 1
37 6 1
38 7 1
39 6 1
40 1 1
41 6 1
42 4 1
43 4 1
44 2 1
45 4 1
46 3 2
46 4 1
46 5 1
47 4 1
48 4 1
49 5 1
50 4 1
51 4 1
52 4 1
53 3 1
54 5 1
55 4 1
56 4 1
57 2 1
58 2 1
59 7 1
60 7 1
61 7 1
62 6 1
63 7 1
64 7 1
65 2 1
66 4 1
67 2 1
68 5 1
69 4 1
70 7 1
71 4 1
72 4 1
73 4 1
74 7 1
75 4 1
76 6 1
77 3 1
78 4 1
79 4 1
80 1 1
81 4 1
82 6 1
83 6 1
84 3 1
85 2 1
86 3 1
87 5 1
88 3 2
89 1 1
90 2 1
91 3 1
92 5 1
93 7 1
94 3 1
95 3 1
96 3 1
97 3 1
98 7 1
99 2 1
100 3 1
101 4 1
102 5 1
103 2 1
104 1 1
104 3 1
105 3 1
106 4 1
107 7 1
108 2 1
109 4 1
110 2 1
111 1 1
112 7 1
113 3 2
114 7 1
115 3 1
116 3 1
117 3 1
118 2 1
119 1 1
120 2 1
120 3 1
121 1 1
122 3 2
122 5 1
123 3 1
124 2 1
125 1 1
126 4 1
127 3 1
128 7 2
129 4 1
130 2 1
131 1 1
132 2 1
133 3 1
134 4 1
135 2 1
136 4 1
137 7 1
138 2 1
139 3 2
139 6 1
140 3 1
141 6 1
142 4 1
143 3 1
144 7 1
145 6 1
146 6 1
147 3 1
148 2 1
149 3 1
150 1 4
151 5 1
152 4 1
153 3 1
154 3 1
155 1 1
156 7 1
157 1 1
158 3 1
159 1 1
159 2 1
160 7 1
161 2 1
162 2 1
163 6 1
164 2 1
165 6 1
166 3 1
167 5 1
168 2 1
169 1 1
170 3 1
170 4 1
171 3 1
172 5 1
173 7 1
174 7 1
175 2 1
175 6 1
175 7 1
176 4 1
177 3 1
178 3 1
179 5 1
180 7 1
181 6 1
182 2 1
182 3 2
183 3 1
184 3 1
185 5 1
186 3 1
187 6 1
188 1 1
188 3 2
189 6 1
190 3 1
190 7 1
191 4 1
192 4 1
193 7 1
194 7 1
195 1 1
196 3 2
197 3 2
198 3 1
199 3 1
200 7 1
201 3 1
202 3 2
203 7 1
204 3 1
205 7 1
206 3 1
207 6 1
208 6 1
209 1 1
210 5 1
211 2 1
212 1 1
213 6 1
214 3 1
215 2 1
215 7 1
216 2 2
217 7 1
218 6 1
219 3 1
220 1 1
221 3 1
222 2 1
223 3 1
224 3 1
225 7 1
226 4 1
227 2 1
228 6 1
229 5 1
230 6 1
231 7 1
232 7 1
233 5 1
234 3 1
235 3 1
236 4 1
237 3 1
238 3 1
239 3 1
240 3 1
241 3 1
242 3 1
243 2 1
244 3 1
245 3 1
246 1 1
247 2 1
248 3 2
249 4 1
250 4 1
251 3 1
252 1 2
253 3 1
254 3 1
255 7 1
256 4 1
257 5 1
257 6 1
257 7 1
258 2 1
259 3 1
260 7 1
261 2 1
262 3 2
263 2 1
264 3 1
265 3 1
266 3 2
267 7 1
268 6 1
269 3 1
270 7 1
271 3 1
271 5 1
272 3 1
273 6 1
274 3 1
275 3 1
276 7 3
277 3 1
278 1 1
279 6 1
280 6 2
281 6 1
282 1 1
282 5 2
283 3 1
284 4 1
285 2 1
286 4 1
287 1 1
288 4 1
289 2 1
290 1 1
291 3 1
292 2 1
293 7 1
294 2 1
295 7 1
296 1 1
297 4 1
298 7 1
299 5 1
300 2 1
301 7 1
302 3 1
303 3 1
304 6 1
305 3 1
306 2 1
307 3 1
308 6 1
309 5 1
310 3 1
311 7 1
312 3 1
313 5 1
314 5 1
315 7 1
316 6 1
317 7 1
318 4 1
319 2 1
320 7 1
321 3 2
322 1 1
323 3 1
324 4 1
325 6 1
326 2 1
327 1 1
328 3 1
